Count1: 0
Count2: 1000
Count3: 1
Count4: 0
Count5: 0
Count6: 0
Count7: 0
Count8: 3
Count9: 0
Count10: 0
r_turn_-120_002.00 r_turn_-120_002.00 r_turn_75_042.00 r_turn_-75_007.00 l_turn_75_022.00 r_turn_-30_027.00 r_turn_105_007.00 straight_90 l_turn_-75_017.00 r_turn_-90_042.00 r_turn_30_007.00 straight_70 r_turn_45_027.00 straight_41.67308224601348 straight_41.67308224601348 r_turn_75_027.00 l_turn_105_002.00 r_turn_-120_042.00 